11258633309346
11265098859093
11267261007250
11273461564498
11275038909283
11281119260135
11283095960540
11289834537534
11660103008533
11665026365334
11671786683119
11674446323115
11679695898151
11683638758976
11689091125062
11772566815427
11778209754633
12068418216726
12071287996407
12076542318987
12081483015536
12084039541240
12091643017861
12094678386979
12100734801523
12106758338379
12110768816572
12112127366012
12117885129300
12122203139394
12124960364620
12131372669340
12134379160868
12140895888514
12144539922142
12147889438398
12154458548205
12155865823331
12162576486053
12165046207399
12169049247795
12173697566284
12176348342177
12182612785754
12184909219946
12190553949004
12196713520461
12198729791077
12203203120435
12210299022761
12211954538267
12216096342174
12223360012422
12227127514468
12227824670900
12235689189878
12236510987121
12240921798269
12246332182513
12253042345905
12256971874300
12259121058279
12264348005825
12266839730565
12272192035069
12275411088994
12280130284857
12284822860571
12288691659571
12295598049876
12301980303493
12307777090983
12311130476581
12316545454615
12325868429522
12330079465832
12334014032800
12336108523084
12342994394517
12345110274886
12351133367223
12353858766913
12359607204811
12362455461683
12368339034697
12371343435890
12377572139264
12378491577802
12384080224121
12390375707509
12393373162421
12396736221874
12402246215361
12407556794979
12408886491511
12416049063307
12420468222862
12423855621357
12427671338916
12430529229347
12434933626226
12439567331397
12444346105885
12447081314376
12454980023733
12457638446798
12461121036468
12465459186751
12471913479676
12473396172326
12478826103055
12482768230312
12487977804409
12493518836817
12494076188892
12499659609312
12506556999447
12510658652286
12513797258749
12517568101027
12524089880843
12527307854893
12532080851175
12532926181704
12539414385175
12541368090156
12547689377604
12552004308756
12556730459332
12560229531266
12566320524524
12568898564811
12573194916347
12579432485383
12581866321997
12585139509624
12590797462875
12596491029370
12599210838538
12605447138983
12607210041582
12614261882279
12618608606625
12621178767373
12624355034190
12629050675944
12634887205251
12639080514702
12643730896634
13207222098185
13253248554327
14185136671200
15255538072180
16182228704511
16269801936028
16426393553801
16975244130283
22403165414982
22408920294760
22449041763287
22476376676170
22480107517201
22484829436051
22490029255641
22500607069567
22508986242847
22517338185219
22521212550316
22716221262200
22959229331458
23223944957517
23396759298369
23401432927241
23405724671168
23409737328019
23415893910981
23419047674682
23424040248460
23424857908074
23430726548078
23434521181460
23439929125938
23442095155236
23448620509387
23453602204500
23456036040603
23461223213480
23466998607976
23468297287102
23473437359081
23477164152549
23481678778297
23486901062339
23490547227738
23495317421553
23500402389152
23504619349965
23509498383381
23513283771210
23516874777921
23519562727100
23525636448418
23531271430040
23533289954352
23537021315132
23540804983722
23546380261219
23553017201049
23555677363133
23558490652101
23564840415025
23568568143718
23573017381347
23576220707153
23580159157879
23586334430662
23589460446601
23596483100230
23598173398628
23603371795117
23609222796217
23609894203778
23617691092716
23618595423802
23626526530338
23629941151526
23633060789859
23635507995784
23639758924632
23651493086149
23654867900769
23658875277483
23664424246669
23666506041257
23673105710338
23676278733815
23679209061900
23684856788159
23688756919972
23691593322952
23696112352659
23705969586019
23709952499901
23713290329015
23717889207782
23722235872673
23728393898652
23730143754845
23739202016912
23744726053683
23747675500978
23753816309562
23757055357349
23761966825172
23765114866338
23768865772602
23774473994111
23780100199914
23784736732822
23786277730568
23793224983858
23795461630555
23799122661529
23803104837741
23809109463339
23811302511743
23817997804770
23820386665520
23824222285625
23832642448545
23834908809976
23839097069586
23843027459055
23847879332134
23850595713363
23854596641574
23859554882184
23863039141702
23874451546123
23876049243798
23886927580494
23890367578875
23896993317717
23897868792114
23905139415003
23908565213539
23911853029522
23915954397446
23922824782546
23923666305220
23929385362669
23935610187304
23936574611861
23943649431201
23946154713693
23950327381674
23957238146877
23960252302781
23966216153368
23973615526155
23976438995346
23981146335304
23986653405383
23989890727665
23993472422310
23999728044657
24000519163524
24005406224302
24009818019596
24015376145800
24018081137565
24022869613524
24028317936652
24031979167756
24038693100929
24041550996829
24044116050889
24048754019977
24054618148082
24056717642371
24062498743598
24068872224881
24069208207396
24073956546873
24078449940674
24085583209382
24088632473972
24093487874496
24098031492331
24102906913299
24103489603601
24109174236465
24114060665970
24118430133378
24124309633195
24126182531555
24130407420217
24136721258532
24141246874793
24144439351609
24150062099860
24153445546576
24158863132916
24162974914439
24164591371732
24170850651190
24175088992302
24180261563964
24182296704757
24185618472622
24191117726389
24197165099063
24201882615092
24206088931877
24206733174060
24211405905978
24216706963616
24221874214737
24227256366785
24230911713192
24232229440451
24238792836198
24243152684967
24249511993678
24265061470655
24267489221532
24271695707772
24275477013599
24279540897805
24288008204765
24289764127057
24292653739740
24299530632079
24302039085294
24323693175642
24330950370887
24357229218723
24394255880920
24688610653203
24694656243461
24699962589817
24701494261590
24707856064163
24712883612462
24714463769474
24718424258177
24722852476728
24741096301852
24895650904028
25031357844590
25035961948012
25039759109801
25046081768473
25053699638871
25081210845167
25847425508117
25852912320921
25863601590654
25864597272994
25871773240570
25874211972452
25893083488561
25899545527099
25910046886911
25932629727603
25942873062001
25948069632223
25953552344574
25959082191191
25969840887841
25972428165982
26012346052562
26018080359964
26021606889916
26024725877480
26029151757750
26034410247949
26037886496378
26047576018412
26052915172444
26057400554640
26065085036995
26079547550401
26085550410983
26089587782722
26100193958044
26104164115433
26111295708468
26125246286971
26133934365204
26140416798552
26149296603054
26152247531124
26158707722105
26165317201601
26169977221507
26175634874785
26190396300648
26682989354564
27231947729614
27290687211582
27395169578716
27398424537094
27403344133568
27407319572586
27418478209890
27420240840188
27427456047112
27430359830744
27433926800531
27440411399632
27444694533097
27445111464813
27453392952450
27476244160528
27483358402527
27483726872879
27492015155302
27495104500722
27500130929770
27506477415154
27510788639861
27515012647586
27519607145143
27524341896855
27526969248084
27534233366659
27537542256771
27542038722350
27543628069752
27549846603557
27554934494013
27558015539316
27611314808815
27612527177264
27617125463390
27625033912632
27626750875897
27632987988794
27634111893684
27641655238213
27644283910926
27650465975317
27654341411876
27656218169116
27670983870910
27673008789635
27679275630160
27684358531823
27688443558089
27690884857670
27697369124413
27698680487255
27706044129884
28093382064990
28128534369365
28875311285460
28887968119402
29716223348841
29950971799446
30569178616030
30571878336473
30587519813358
30610934561052
31636056307867
32409948772213
32492888483387
32544015307878
55779960052815
55836792317021
56016352551287
56103422565788
56124663881841
56127388013032
56168471202509
56407728645083
56417243292103
71455929821264
71485647266532
82885078583185
82890400829531
82903050677399
82916462420068
83253104411227
83411265873734
83479283759862
83512980597224
83522989645297
83602595697081
83617388370017
83621802366559
83634367129612
83651921672343
83710835235658
83745305067243
83755558587846
83785843058540
83803358434759
83890593819007
83930692377336
84035524821210
84108114020600
84247728764652
84282782114367
84361471871029
84388306276297
84533433106375
12300521906264
12659697386234
12671663534640
12674454707999
12824534758670
12829910794544
12993886121678
13014232320925
13040481941896
13055543438389
13073025390654
13081412731448
13085571717860
13097124622047
13104639114271
13125146374747
13128369425858
13151976286422
13257060404775
13369972288978
13393076078988
13399471713160
13410226468844
14327893278738
15472619068730
15547317567844
15560391941709
15604653156533
15639000887169
15649268093071
15747856847899
15829851269357
15924248330348
16012288511712
16095526214794
16305542692422
16560653852152
16713178121037
17153521101390
21326435097418
21880822451936
22420612531242
22462698278653
22502626856637
22533079528150
22548962500757
22572448102048
22578146525184
22596344048285
22615073205726
22621314081692
22627581785538
22631858484206
22635197497845
22642579986926
22647052766081
22657268031072
22663321925656
22667501592571
22669662588651
22673404949328
22681711078851
22693425279816
22695069789062
22702034291448
22705624223423
22711344330759
22712218218070
22722012974432
22728238029771
22732270950142
22737477402337
22739630189200
22937221310085
23017762148178
23963397249102
24255459165220
24261186325088
24306541988397
24312020642487
24316466007754
24321253414176
25593550640063
25625179621936
29215993049465
29758514641520
29762059498440
29800792022766
29817331556124
29822405268473
29830849588453
29840493815145
29842850621751
29846554848590
29853752754161
29872138677701
29884262310777
29894401554435
31537831793302
31954420550852
31982555624908
32124681734405
32180715386005
32244857884708
32313744707158
32407583736718
32422627289718
32464490714763
32755551527274
32852253395060
34885468194145
34935060350974
35475374409833
35478846820987
35481072608770
35486136089326
35490216171125
35493646792675
35500244006910
35504151242753
35509960758083
35510983928566
35518941811088
35523587320118
35527942741291
35530365511379
35532321700863
35539934097590
35814858898753
40940047841316
40999125131281
44283623421562
44289106004419
44293344757393
44411526757146
44419764890600
44590484974204
44853376392671
44858217494992
55373383072617
55377048671993
55383302887757
55387497463457
83583729484427
14200525053653
14214887093167
14220243989778
14222587669432
14232193878175
14238461395661
14245693493623
14251600499651
14255412428424
14261498882536
14266749535330
14270337400665
14273708925229
14278315811645
14288409862116
14291510547710
14294654911244
14299398943631
14305454730245
14308952877837
14311018193078
14329859435323
14336550102653
14339932709705
14344079192697
14420726938486
14422651619123
14429176626458
14436984766114
14442448644278
14459963881881
14485586263230
14491178911788
14492581898417
14498835360112
14502354637501
14510639274682
14516876013333
14517760386402
14543000900118
14548938446772
14551580978512
14558235630897
14563831726458
14566422561631
14569590667669
14576600816914
14580799762991
14584049183405
14588032280438
14594018894013
14597995346537
14601851377388
14605040167653
14610882000588
14615043738731
14618915860909
14624360331391
14627989002080
14632284443515
14634453105916
14637893841341
14644186133906
14648232773581
14653219526401
14656791141685
14672346114503
14702840811657
14710726413021
14723365248131
14734947434169
14750411102841
14753633560688
14759767351770
14768221084080
14773874289751
14776190512928
14789764028963
14795274181668
15477464998782
17240872530555
21255223504002
21259341322419
21260169804800
21265586801672
21272652680621
21278798481987
21282335943896
21293886961941
21308339708965
21313896914047
21319326705631
21323147580317
21331870541417
21335009353161
21348795420282
21363995829100
21391846312674
21394822957777
21397885262613
21403115686614
21407093166425
21412177069762
21418095119185
21421490842121
21424611603159
21429193545066
21433460786359
21438734451998
21444484612339
21448764896243
21451751349606
21454353480205
21458151541824
21463696968683
21467085924900
21472978537698
21477610143919
21479135462699
21485548323522
21490600004922
21492446406666
21496624324897
21501667207241
21505269645541
21509246909982
21516330432478
21518349557553
21522401539302
21527071617586
21533362865766
21536382851481
21542338101826
21547426759563
21550340476081
21555171777360
21558997811708
21562213797436
21566132579209
21570846692691
21576901150475
21578495357570
21586396193650
21594448252638
21601361877453
21606631916833
21619816857271
21625911763547
21633215779012
21643055850015
21655217888294
21693655850146
21721472324530
21760523636943
21766674895364
21767569291712
21771329675957
21776537578626
21782229162590
21786802453538
21791776277492
21795720814892
21800393338373
21804250403323
21805823198263
21813993479548
21817326727989
21819089049631
21826524287608
21829080825057
21834058939586
21836110654035
21842286925711
21844292450213
21848845794380
21853168523921
21857795677314
21864456301096
22047265990982
22050852840778
22054839829976
22059489036007
22065686391744
22068545528375
22072388843919
22076239672097
22083838323014
22087169560982
22090681176897
22093969753379
22101138267482
22105704799862
22106376823695
22111184631172
22118864088435
22119843966359
22124564618303
22129766566430
22136178656115
22139565451351
22140910449935
22148885520555
22150590251874
22156182712255
22159917085053
22162204782906
22166906055952
22171382141107
22177366844008
22182602093764
22187586349727
22191301845570
22196337976235
22200474977634
22203778437804
22205929141531
22209356439211
22217296623842
22221343735878
22225172469592
22229884419137
22233010547623
22237219422885
22240653933444
22246947464566
22247995519910
22254353515700
22259623370726
22263242969794
25201198546256
25203584240218
25210360744621
25211770992420
25216261938628
25222881567265
25225058900965
25232835744896
25235661380469
25240965081443
25253857629917
25256179095761
25262426691581
25263562802706
25269149639442
25274768857901
25279558593609
25281619055539
25286425371704
25290681519229
25293420401230
25297562701376
25302860324829
25310482356463
25316735193408
25322084259080
25324175157691
25329020589374
25336619783188
25340868832845
25394215528469
25404690008342
25412022372315
25415652835668
25418794275832
25425768091091
25426805434997
25437591526484
25439759273222
25446507596786
25448054765693
25458299331737
25464232685910
25467084467638
25472315138266
25473765418089
25479216895532
25495372476998
25505657566126
25514595622202
25519588588565
25521835935872
25526116866074
25536210586909
25539414878765
25546321134818
25553477307559
25561830044637
25565659025476
25568619268388
25573185169219
25579937793192
25588871917988
25596334225506
25600486217710
25603737472026
25608547331027
25619689245320
25632155839587
25633613372033
25637256306669
25691329338747
25711149871026
25729187949837
25777236442239
25778967204281
25784124288946
25790316402166
27189736080176
27271356015965
27273099369234
27281421379475
29056784859490
30808715124716
31760611423793
11184848610272
11191680096399
11195343980130
11198840978105
11204265225306
11208022832668
11211663630210
11215912167030
11220268576151
11226416524041
15341075667698
15571019946873
16022659231240
16130470275666
16607748609950
17226838864968
22806344172240
22832956948434
22848189575224
22891753847221
23074320494140
24754081322083
24858865734301
24889608116788
24913512671366
24974699078005
25938113642262
25987027953795
25999721226878
27310962285497
27800435614298
27829452622015
27865137412481
27866509958727
27871486455396
27889146805754
27910801553722
28680166878424
28684442006356
28688827500073
28740792643226
28746388280466
29259457730520
30635612019907
31593248882367
31697754820286
31827011354034
32137871925328
32308496580718
32550911665721
32552178886198
32567776918121
32571369350625
32578315816873
32581780720146
32588308539668
32602940818348
32604117694915
32610452763239
32615604640170
32617779467439
32622243950541
32626601126814
32630913769476
32636590340976
32641699255149
32642056686429
32647330753853
32656885692494
32660965192756
32667274381194
32667651914484
32677136703831
32685742450714
32689355697986
32696629219681
32698621862499
32703888539476
32709922902177
32713387084187
32717274910095
32719395646695
32723807970558
32731804009897
32734958730824
32738133105596
32742625882171
32746335752923
32752670395141
32759649369605
32762931801938
32771231788377
32775743369173
32780173774123
32784296540356
32789537783428
32795088305607
32799018196679
32804243367671
32808610829430
32809771731031
32816335811130
32817895058124
32825381853638
32828181810463
32832242871295
32836902048437
32842129545250
32889058596886
32932656157897
32935331858136
32939915362180
32943383811019
32950978565676
32954775796319
32958288937713
32963869002913
32966972953884
32969431390253
32976233674827
32980184316532
32981672619536
32987843833031
32991385120569
32995823904905
33000198862813
33004908902277
33007810582175
33013992152468
33016890480350
33021254741504
33025281046165
33031862993935
33036300601820
33037809028071
33041745277520
33049687118415
33052423632509
33057972852020
33061314717050
33063143099436
33070302416692
33074858151358
33079186473040
33080529856122
33087975133389
33091911318250
33096380314851
33099704454035
33103291724590
33106210460667
33111783558482
33114544596662
33119652611635
33125056817030
33130670491809
33131633545133
33136382455513
33141695920507
33145593125851
33152658172880
33153484022608
33157494899765
33164893695843
33168956356804
33173855829634
33174604424126
33182190459648
33186551658452
33188014201722
33194496397468
33197813771148
33202578916965
33205317261790
33210596084949
33214165889136
33219050693579
33221654337894
33228135345991
33230500601545
33236375283063
33239783996592
33243644293775
33250632128780
33251706634412
33259234708223
33261959921713
33266628031085
33271535698174
33273220229272
33281362958150
33284093327433
33286346014528
33291936665891
33296725898186
33301477078852
33305558655501
33308517671294
33313914170338
33323697963725
33325344057387
33331294288297
33335688384951
33337874366970
33343132944289
33347141876551
33354099092934
33356722999844
33359531986155
33363556875921
33368044401881
33374176221415
33379984659550
33380924776556
33386059417033
33393200549730
33395732559803
33398890828879
33402462940932
33407330801469
33418924605388
33422612613045
38973017780483
38977591116824
38984322719579
38988800815448
38993284930816
38996454922998
39001857740838
39004980815417
39007279855233
39011571397314
39018792753512
39021503957526
39027033890624
39030051252450
39035264345135
39040448875778
39044841810026
39045728923463
39052439734789
39061600727456
39066468803826
39067908965940
39074707852143
39077572103546
39081628027420
39087380577928
39092581609236
39094443935385
39098088291960
39102347338318
39108142444324
39110061129403
39118162671364
39118594282944
39124368871625
39127330403904
39134411153680
39137192510680
39143037356650
39147962522588
39151722808229
39156466169371
39158349322249
39162537469059
39166338477345
39173462130083
39175581257224
39179854954729
39184932473898
39190480525013
39192311207530
39197395158496
39202348880640
39207211284637
39212873338804
39216539448082
39218045786317
39225121936305
39226549677541
39232475961303
39235823700481
39241845857874
39243757021824
39249295194682
39254855233328
39256345474843
39262865207406
39266866316050
39272504044404
39273665138154
39281257560290
39284260403333
39288246742249
39291031715702
39294806269867
39299686558538
39306972606470
39308840960908
39315569430658
39317793996267
39321638780422
39326101701043
39333222577642
39337439613626
39340773625131
39342748640020
39347626757079
39351741108184
39358397001493
39362104311178
39364448186891
39371745245004
39373636886968
39376443769651
39384180618809
39385889392444
39390231663074
39395758025641
39400147513277
39406186841062
39406691682292
39414130427885
39416606951726
39420138605137
39425386241411
39429822101962
39433129084816
39439676271071
39444125706340
39445433324176
39453322046606
39455767840690
39459603437162
39463879258507
39469384993111
39474978217717
39478981535683
39483104575829
39484640667835
39490849429123
39494646664080
39499773706360
39502283986533
39508384364015
39512051480671
39514895663626
39520970531538
39524347739004
39530474246232
39533292942703
39537403809165
39539683396844
39545857968566
39551088122821
39552836763091
39560531985121
39564997716219
39569440910367
39570512766439
39574977908336
39580655530589
39585095394876
39589819179469
39591208646168
39597255697001
39599961698437
39607456183803
39610120659965
40161310032506
42305146206689
42308829104235
42311857011835
42314920439918
42321678555763
42325291787539
42329598336145
42332567069459
42338525968275
42342763019019
42345330342016
42348823891308
42355549111659
42446601899319
42449281914425
42453042568616
42459137668116
42461326370415
42464940829688
42470844670255
42473011700396
42479667948413
42484064211249
42488658244454
42490725295224
42495524826024
42499836993615
42505636308303
69406058335793
14971954121980
14974950261582
14980094715103
14982140394494
14986568649770
14991703376224
14997442160260
15000415706342
15003005274487
15010144902751
15011636924863
15015322596698
15021169893556
15025071933363
15030750904706
15033015834257
15038899757166
15042301745177
15047769985176
15053078991344
15056530420102
15059558188528
15065418242699
15068299282164
15073215490623
15077966850125
15080142082686
15085484077167
15091382223788
15092819407821
15100571585462
15103647184496
15109229989671
15118203563272
15121561671469
15128270162496
23036903725541
23198223950762
26677014891193
27268637993329
27823336197744
27834952429621
27963908184568
30036104109966
30089461864081
30168723707158
30177224814114
30299396695551
30303948587075
30317169543118
33594672657364
48477297449476
71096303314381
11816203780500
14154754471287
14197667138864
14204269481618
14235108998870
14317813074197
14322031625247
14361371635283
14364341583702
14367779192337
14376985934418
14383022541695
14387048010131
14405479105049
14410692247200
14452118380351
14523708922226
14536890657194
14540088782861
14658797901103
14665049739485
14670068618739
14679181242331
14680566244231
14685236741665
14698745012824
14718889936669
14729133995847
14738141925917
14743391990839
14747433403412
14764771054513
14782387289444
14785506698135
15244081881512
21275499122816
21297976994438
21302254542399
21344812004884
21352206203501
21362968626747
21596332875348
21648494709545
21657779303591
21675441351673
21677297190769
25019917372283
25025917738012
25050376259156
25057539490485
25064810887929
26319297653313
26666279805319
26669400085392
26695012781973
28527079747332
31061517703149
34694897311909
34703284692631
34705108869460
34711475980445
34712558327834
34718552406262
34724000966247
34727795384058
34731001395257
34734645751056
34740336440061
34743786787762
34748140760444
34751230306431
34755109391005
34762101615724
34766711447029
34768083382903
34774583520199
34778080334156
34780778888492
34788360396247
34790950869592
34795863237002
34798439962977
37083347165684
52850812004777
52855372025597
52859904967024
52863479995301
52869758071256
52874708974854
52878315770776
52883214650988
52886756679830
52921658865027
52925775454084
52928270179349
52933279627787
52936502207332
52940144405151
52946756306219
52952457406993
52956860573678
52957380684919
52964199354108
52966980453431
52972501851960
52978298392823
52982170891080
52984389992163
52987603658480
52992836200704
53022478458467
53027536085276
53031750681272
53037562352301
53056977161101
53063450519302
53066603867210
53070867893960
53074703492378
53081032479765
53082779431000
53087309953891
53090804081439
53097348030132
53099481642743
53106734999841
53186761687978
53191880890420
53196543823464
53199222385782
53201889687925
53206473916541
53213891375006
53216003699271
53222353620900
53227364845036
53227777012023
53234468259169
53237375797682
53243748760568
53247524424029
53252483227156
53254305706418
53261007508881
53263768911745
53268169358751
53271111439537
53274822341214
53283224102867
53286744739904
53367591046524
53371447231470
53375315796238
53381811284360
53385747552387
53390284782113
53391880880057
53540898400095
53544179280032
53545632307947
53549863571647
53556035951766
53607257068101
53610352545562
53618345892197
53619515170418
53626159313309
53629930874897
53633932424593
53636326863584
53643665051381
53646494620671
53652560279389
53655334773370
53658760657481
53661899121079
53699406447211
53701345176782
53717790187446
53725389356665
53726765582307
53733887732057
53736324134767
53740221879580
53746029181577
53756075462459
53763751028530
53768500619951
53770000568129
53774552209307
53778180730874
53781910116735
53790100471448
53791164881368
53814034967912
53817430307435
53823875877812
53826198081094
53830146407894
53857824094706
53863019545262
53863451432450
53868716506010
53873981862975
53879352674449
53907277984458
53914487096212
53917032608542
53930357474501
53932091287055
53939637253270
53940664568051
53948976347991
53950031299692
53955849448990
53961627451177
53964337931151
53967657144059
53972583785347
53975800403391
53982403828921
53984460614362
53990602961149
53993428978485
53998189404908
54003346335346
54008922987648
54011464122441
54013669489150
54018069117942
54045849022947
54051481996147
54052756508636
54058264240123
54085733673074
54088251628931
54094819043863
54098589414452
54112767848733
54118268117559
54120947645113
54127297994071
54130130239469
54135239388144
54139701873486
54166801145113
54170368291339
54175307161745
54180760044766
54181195507135
54188106438446
54192007850019
54195276133772
54201639179727
54204436876219
54207716755525
54214998731728
54217370315098
54219774955702
54227765051092
54228794520902
54234582721812
54240567779806
54244775621004
54249511311138
54252727654712
54255042894249
54258481872950
54264593062800
54270429324996
54274450202094
54279174390860
54287986632447
54290794347928
54292702257607
54297866179218
54304884260341
54309199369650
54314081962391
54314755309851
54318459002700
54326401189776
54327291410667
54333298574867
54338284144280
54342249406391
54344329613074
54350360692907
54353232074755
54357487595374
54361425812159
54369697254324
54373159150632
54377349218327
54382157622447
54386804862704
54388700150503
54394807267597
54399301588314
54402560793202
54405179100572
56312251610687
83310968439848
84427315108039
12654136545222
12665545107339
12670130516318
12775273378459
12887597939731
13002977995716
13009910547306
13020266845860
13077377761271
13091708854268
13110444172201
13238630468394
13322689946291
13390923469649
14208726948597
14688876383776
15272855247739
15574402941791
15861156168374
22513578914713
22528157673906
22536106738024
22592770740978
22600879733140
22605613473390
22685135385899
22686296230165
23210487477355
23881637348198
25658816680684
25666510042897
25667493837379
25671513600566
25678954102294
25682999513630
25700699200556
25722217746970
25752055906014
25760048583525
25765666612696
25770027544295
25797845877573
25801124128014
25807798543014
25817626440535
26208721778631
26223345029026
26228814062052
26230986940354
26235961814982
26242295398220
26253409512496
26258594014123
26260126610956
26269295270160
26275893781909
26277312075164
26287521218895
26292601070986
26295970437655
26304772059353
26314040567917
26329736546518
26339206497283
26352233625446
26354151953051
26362765756049
26370637225251
26377492590167
26381343525289
26405068226585
26424279144219
26434682595324
26439386113763
26465681846807
26472022493025
26480624177616
26485544542869
26500178738337
26507668604556
26570573877773
26575532716650
26578276469970
26583668639066
26589734331166
26598610992056
26600400186454
26621807594793
26631817265825
26644677022933
26654004832422
26656775667830
29964640114729
29966834284738
30235159346751
32060270792006
32081757033254
32105498996018
32226675119114
32275387865211
32335843810498
32347853077717
32404273893359
32428512454140
32541125656117
35210890194783
40758090951658
40760538587533
40766323065156
40769938166787
40772646848809
40776760970673
40782509126132
40786990437302
40792696014035
40795565004755
40801499929699
40804641757211
40806599126405
40814620480834
40815206560632
40821262100854
40824936728844
40829666087881
40834297737631
40837368783875
40844844607766
40847937157385
40851723146816
40853791535234
40858250818087
40863159469226
40868581843908
40874838785129
40877895505633
40882310029657
40885223017432
40890531490076
40892791050702
40898169415502
40901307900095
40906838717398
40911670891068
40914491125478
40920084926262
40925220006433
40929599065190
40934439869746
40987341894106
40994733719662
40999982707601
41099801922204
41105785077282
43573873828882
44539940333251
44815892839428
46069911369684
46074191124293
46079433538974
46082561162044
46087963971909
46092964580330
46094717026079
46141828362909
46147415129840
46149510614859
46284121215788
46286960387060
46294426813076
46301827595075
46305721378786
46399536335514
46405725933632
46408126494682
46585004525686
46591402113478
46593676031759
46598454753988
46601418278650
47030397944684
47035685165438
47038849000570
47174782621857
47177838329348
47184384874981
47186449094826
47190261958279
47193878064722
47200353742001
47220668525961
47224254941273
47229769633931
47350165737064
47356279437967
47360574401656
47360831426043
47365518812447
47372053538199
47383688394277
47388355266516
47394415942336
47398978141942
47402980856816
47404979350961
47419854815149
47421172303286
47425636615212
47429811078169
47537257402043
47544471057017
47547451206542
47550130296134
47556799552082
47629571720962
47631726257798
47638223956643
47640206375469
47664752160849
47668971108134
47672162184504
47676228938065
47680174374256
47686666682074
47687797585661
47692252669792
47699129686399
47747123449526
47749404045156
47755472238168
47758480724076
47760625630126
47808649294501
47814490719430
47817867444520
47820950114658
47825576918984
47828831303157
47834245032723
47865114057098
47869859979022
47873899645867
47878190125129
47906331011391
47914153912548
47917973590275
47922461521714
47983607623396
47989002095731
47995170752187
47998183041072
48002528728545
48008788736152
48010101705107
48015166937412
48018188294216
48030667895985
48035693358233
48039315066380
48044462346102
48048360613361
48053192006196
48059547467663
48064434524773
48135249075220
48140478356356
48146369818517
48150028437242
48154931311672
48436663328648
48442013629476
48446728841929
48451224475473
48454288471251
48459673252729
48461141031434
48465648407574
48471610976852
48475905935690
48484869361694
48490082833912
48492571232700
48497338671758
48501213879547
48507161533416
48508686428833
48514019477672
48520046531141
48521251971631
48526390218837
48532082763381
48536596743200
48539264134666
48544785267077
48547394273472
48551497669184
48555483185301
48562979960733
48563527378741
48568034989624
48575293260602
48578545765782
48580714478272
48588055482558
48590697749825
48596743758793
48597879766159
48603656873319
48606404841436
48613537452499
48615766646280
48622757434299
48625115713687
48629108884714
48632907601808
48636401523805
48644496899160
48646188962365
48650255643348
67858297043869
68425748335501
68614060831346
68946379897201
69283916910266
69458121861982
70414869237286
71188997908149
11666120724251
12645046267209
12778596149008
12784776836095
12792375009163
12825781783759
12856505855164
12935799580867
12990022851496
13025321698799
13032201503035
13036336342334
13058646295222
13065214352436
13069239006717
13088311333622
13101109277234
13115577640095
13120895476331
13158819199684
13338275861831
13378033202735
13401956842835
15352495745546
15563133553051
15714870811012
15734881627157
15792403452711
15853167084087
16010027616577
16049693147090
16542441793754
16579399295367
16729208507961
16983665687981
17090144490433
22435252547049
22560048967447
22564516135383
22581973293623
22584907382040
22965899128826
22970535314446
22980783604553
23041064788502
23123452378889
23365523954464
24245162639888
24426914590037
24510504830375
25684958588066
25705424477615
25714170779626
25723185473072
25736479318922
25742430785177
25826307604752
25844398334261
25957936985634
26042992718873
26218988080133
26238353766485
26250572927651
26309893705261
26335526124579
26344335935810
26373313141625
26399239236291
26408199768363
26454716262898
26592856138009
26604492834407
26607839502217
26615160809045
26659169176908
26689318009535
26709397846015
26842600655632
26943725991596
27181214614216
27195794531209
27468667560804
28326058449259
28626148018606
28774458225240
28799957822022
29221809357554
29329918478727
29476124485504
29493221641125
29503640263446
29575054649460
29681858769715
29725210831717
29727109102355
29736197550737
29750304257886
29864638999562
29869111594057
29885952360144
30690541820968
31488307778073
31565847267929
31580656004364
31691536690749
31710329813244
31961480412916
31967438828488
31997776768120
32019167807921
32034104337658
32045146113605
32087573006461
32215362097891
32232583165258
32242228742982
32249112837189
32265341857052
32318979980577
32330988691664
32452528336894
32456867861603
32529872988310
32769696281944
32845697053599
32876480762786
32898563059232
32906758678896
33572531896614
41109219822794
44423449439756
44427370257895
46309517654898
56044759113825
56131116931369
67463649319997
67637805770039
67687403488498
67712500923809
67726416755845
68269890729320
68722947781034
68909592266527
69132948535656
69182841397340
69314248140078
69360087674626
69793865081060
69804936107608
70016097663959
70094338169953
71171779155022
84739519966827
14134186213629
14139518945975
14390893935943
14394268121061
14400418422691
14402663837468
14452906827294
16169551225701
21756173622373
34665679962198
34682811193352
34692508676857
45836082408236
45844171427353
45847029312064
45850269504999
45856389913019
45861606465173
45861737454662
45869334159126
45870477412839
45875046973866
45926877504823
45930489777029
45936373815702
45942392760647
45946680234076
45950775322994
45952456489395
45956878261885
45962882498779
45968682200683
45982161869805
45989299889256
45993461000761
45996334085518
45999657619968
46005287251584
46009626218668
46013282236212
46018476441971
46023784591361
46100712416057
46105954611565
46108455310519
46114302680704
46115708459687
46120121203821
46125892073793
46128180367974
46135196177874
46137438381797
46199058017372
46204387183605
46206615447048
46210345773011
46216022172268
46218735677848
46223234082798
46229927255079
46234728657123
46236116642532
46313813444535
46319143090368
46321394122460
46328738691605
46330314231691
46334606483383
46342177203518
46343972619454
46350931131437
46352083268487
46412884982286
46419577322078
46420853613489
46426889148096
46430416797447
46434652542672
46441477833340
46442332841349
46447366064047
46450756229281
46498733062345
46504766518504
46505963285069
46511875613414
46514928607435
46519354733121
46525788054914
46528706292289
46532328084537
46536616512696
46700468570951
46707736077619
46711682320797
46715203595490
46717954911283
46722440868811
46725636903878
46729835813530
46735671978928
46738549461835
46744028827745
46746767978919
46754804306416
46756125630243
46760286286437
46763945155310
46769723626158
46772211671957
46777136038148
46780907069200
46790749149338
46794947930145
46801101676938
46802334953956
46808724866334
46813442351714
46815607881776
46822220914541
46826738650919
46829965970475
46840758726166
46842871095809
46845662912115
46851169220037
46854214044359
46859794888839
46865210208132
46869657095271
46870983687608
46876393796275
46925228521553
46929753114920
46933826996863
46937508172364
46940324696049
46945652643207
46952359875468
46954992755583
46958272674316
46964633558370
46987436535563
46991743255824
46999160346126
47002538310758
47005979616288
47012685378140
47015961327687
47017884658676
47025581738188
47026820081294
47044697474752
47051293796446
47054750940894
47058822717515
47062727988959
47065838661087
47071250397251
47074121805603
47077995621918
47081597931927
47131944527374
47134265599550
47138132375162
47142700672962
47149747700222
47152656908230
47156890109770
47160142046037
47165472039532
47171530118767
47294059402682
47296578948422
47302239544029
47307544492605
47312743889416
47315983995254
47319543870714
47321984404442
47330169921312
47333434060609
47497123935563
47500908151086
47505203102093
47509909711468
47511719417761
47516310155882
47520470208361
47527325078090
47532387701781
47535080584604
47558734882485
47565149939390
47567495890440
47573844896954
47575597451241
47581875322860
47585783607343
47589256531715
47595544305833
47598782858916
47601496015702
47607641148958
47613256359233
47615671237541
47620705829937
47625948150948
47647955695545
47651994468381
47652803737814
47659372468929
47703062853163
47708131266384
47708743370996
47714257666753
47720382651430
47722312597183
47726541836861
47732001773632
47737199619148
47739978483315
47765685827473
47770039783764
47774175881650
47780247396621
47782170231422
47789000846171
47793396650148
47798321765807
47802977567578
47803043679685
47838616971359
47845307900243
47846743705849
47853906370663
47856603623925
47860964068915
47880988856438
47888312347351
47891194891748
47894028110737
47929139395136
47934560318248
47936334097640
47941874144596
47947341749000
47952839283112
47957265227046
47959669122966
47964981246622
47966709596041
48084575418101
48090370227493
48092960024738
48099227227872
48100907018471
48104486858563
48108644658764
48115780661736
48118556328205
48124106516624
48176225575608
48180815294301
48182187805391
48186734670291
48192346344128
48194739194392
48199403866866
48204288159382
48208264311312
48211953724213
48222083837968
48226649453093
48228490568718
48232626465046
48237981830846
48242998922998
48247837225691
48250626816643
48254746716343
48261333254931
48266718505150
48269980199634
48273615485498
48278223851302
48282498673629
48286935533294
48289193754881
48294027905893
48299154134488
48304992424682
48308092006060
48310161284628
48316766000775
48319348960464
48323502236683
48327849004831
48335425176581
48337854986624
48343102309041
48344321421793
48349321641077
48356791305657
48359691906875
48364694362948
48366871043263
48373741802394
48375182029872
48380216080761
48383341056813
48390742329277
48392283503575
48398500743182
48402038112089
48406595507916
48409922866197
48415936656414
48420918789587
48425593280097
48428618149588
48430058558982
34982356612906
35848417334818
35850592857198
35855274825643
35860867883608
35867212212072
35869529897707
35872074598160
35878186351974
35881067966620
35886885861773
35891492474155
35896672794406
35900957386592
35905404128126
35908727049050
35913272316877
35915838248021
35921497698679
35926756154972
35929950124190
35935402753910
35937945180012
35943684503192
35947580832339
35949468996034
35955336699825
35960127209099
35962862152880
35967819879689
35973101625510
35974780154150
35981781281361
35985445111323
35991628755972
35994488576683
35999108533712
36003386407853
36007533196514
36009184250761
36014647397767
36018770740808
36022725784597
36030255391743
36033607988599
36038173145700
36040907115021
36045113350806
36048444754592
36054973092713
36057289423274
36062004385519
36065893588426
36070574836252
36074681729200
36081161362708
36082681549673
36090171323007
36094365074596
36097618880576
36099446918198
36106532730302
36109008961402
36114020055403
36118317470656
36122354097427
36128496069359
36129297498126
36137162113421
36141493615654
36145466607203
36147359010169
36151083699746
36157418467067
36161450968983
36164929051499
36172131502878
36174983153990
36178811879335
36184088261567
36188456790098
36190151037775
36197110363018
36200859116398
36203288728822
36207981222858
36212083095900
36219275759212
36223077005950
36227737473079
36228894904209
36236508078923
36238378706637
36244991101898
36249307030064
36253574864002
36256313065855
36259394212614
36265842852652
36269474246136
36272669426935
36279331904534
36280953498896
36285449238924
36288317485991
36295111632582
36298077094068
36301584198563
36308463963473
36311856030665
36316750925592
36322363048762
36322733779344
36330231387535
36335414938195
36337199130590
36342900716099
36346494712167
36349435852589
36352879001323
36360438376541
36362528596721
36368554041098
36371942963184
36374235525380
36378865332144
36383567007143
36389636215798
36395493819652
36399077352036
36400330537615
36405369655083
36410136457436
36416170461937
36420711664611
36424161655625
36428393032873
36430208816939
36434958303012
36440216500553
36444295893847
36447852048051
36454393057609
36458529414184
36462194593098
36467896720046
36469504403569
36474252015167
36478802359572
36482881107336
36488987307346
36491340182506
36497115393786
36502168831122
36503948063436
36508491123530
36514981724892
36517385722469
36522354379463
36528363666593
36530265117141
36534850791345
36540425980082
36542338597886
36546958397566
36553901758613
36557552842632
36561807648159
36566257670464
36569415384465
36575018258577
36576544977656
36584394172130
36587389233140
36590500494359
36594247333642
36598600619752
36602198195500
36607125837090
36612133901734
36615168497627
36619045906660
36627308667257
36630944548535
36635260515759
36639711300306
36641349425684
36646347896810
36649245788057
36656123291491
36661769807871
36664945379478
36666266018502
36672696397927
36677004319117
36682459867294
36685483709344
36691492637817
36695612260539
36697792143762
36702019452311
36708553251459
36711376510111
36714500476197
36717775924287
36725743902389
36726588654796
36731789619045
36737128798491
36740031719150
36746585414325
36747841622624
36752035296658
36756997586405
36760745189466
36766022178315
36770994386161
36776851726685
36778286729949
36784082067806
36790295438754
36793211420942
36798124042104
36800586504453
36805855552088
36811024221339
36815531206538
36818358214381
36824577923930
36826061778423
36832433000123
36837747602258
36841384242273
36845796208083
36847928952411
36850927283583
36857636796502
36862794208930
36864977270135
36869739099538
36873760654478
36880145843940
36884229491258
36887308494142
36892400356148
36897312792805
36898182742536
36906485812793
36906697225133
36911748158184
36918627862613
36922677236603
36925824526046
36928571965116
36935545486920
36940219677545
36941714800066
36945376705704
36949908193855
36957940372841
36960700774006
36963969953156
36970751086674
36972639447010
36978624828075
36980541678537
36986269570961
36991522508936
36993251407198
36997452273619
37003869842363
37005588753146
37013608118588
37018067634102
37022357130513
37024067171840
37027224147257
37033864996335
37037049894895
37043706386262
37047690053601
37051904751882
37055264584110
37059057223687
37062563723695
37069725318694
37070598595434
37076081452221
37080023402549
52657328168519
52662234403991
52668297612437
52670583952744
52674295402492
52680261949035
52684688775933
52688987449289
52693050037673
52698027264698
52701660312984
52705364833932
52710060959913
52713471851619
52719276549325
52723332790512
52728969730793
52731185970107
52736829635305
52740249439300
82968744160795
11087538198225
11092630307767
11097693894778
11101562362414
11103045007190
11110094573878
11113915580569
11119554906196
11121795673799
11124674622272
11128476229724
11136178808503
11137615360910
11143486081708
11149036057978
11153419029083
11154652090070
11158776635365
11164985971176
11167976779553
11171362154596
11179588682264
11182919850976
11845826803966
12002669148848
12835782096853
12872345885566
12877348084423
13167430381281
13332171906658
13731394194962
13885616828681
14158836809303
14189307084903
14246644753829
15268057464147
15298846650997
15695009516187
16651039116879
16756419901363
16779461663915
17024093359294
17029581922425
17087361454383
17171520819428
17190547675734
20806894666687
20886188353783
20889240126509
20892468442292
20900739806705
20903684764510
21214941722661
22350039344108
22411519674233
26119235194740
26214659415606
26394718521171
26626234818614
26700172890756
26712986003204
26714905962179
26720252728775
26732898398228
26740267376301
26741396203348
26754228758344
26760012367209
26769353251760
26778641942138
26785706465963
26790082841021
26798839789535
26825615119710
26831911297307
26864562873149
26866969302824
26909290365385
26914565433959
26926915096211
26935339872552
26940687555423
26949520567020
26954348637570
26975258300959
26976895897792
26982091145325
26993095157099
27001582951090
27018702756637
27020422894418
27036420980530
27052380236365
27054880867651
27060874609704
27070141054735
27080300048492
27085142504516
27298897968355
27316159442614
27322186175004
27334699636217
27338096716720
27350006956316
27353368339182
27362835349799
27366628103445
27368004826683
27374913115161
27383508682781
27387783450508
27391277819305
27455619867586
27457733170379
27563903890269
27570732576337
27575236064168
27583831060222
27605521896347
27707139126069
27720326999402
27759461772041
27773678451808
27779666194251
27792732434483
27821838724868
27842784568688
27853769820343
27858895949630
27875967798780
27884760226420
27897456957283
27903267420032
27908261751106
27920203018100
27925849933990
27930208379125
27935292162037
27940253875256
27945967544148
27956664050230
27965204011714
27969368041898
27975129262361
28001021270240
28024182690903
28036343190189
28042495584973
28049197529925
28053137964312
28055925574482
28060970965092
28065055519731
28068847520565
28072828256742
28077906191996
28082506380620
28086547402899
28101772001845
28103398264916
28111904859062
28115406650943
28119189865364
28126075855848
28135816904610
28136394136975
28142133673757
28147651757075
28150670647316
28156400569181
28160806001492
28162224890499
28170173743911
28171644730872
28178281062497
28182804555392
28185697221391
28190611879458
28192895478618
28200351710740
28204998342227
28206609341184
28212296522393
28216301992666
28219353901146
28222614362295
28232818607202
28236174784761
28240544398946
28248538372889
28256386246851
28259668871529
28263151055713
28268762218584
28269584902868
28283157697254
28288024240801
28292382144792
28299439823358
28302842368007
28304575891781
28310828398256
28312716887098
28332179317311
28348083691767
28359242154462
28364102967845
28370006635215
28382149254919
28390697565499
28397421924271
28399114564831
28406621917717
28415404465311
28471665423638
28477033687706
28481654563421
28490500997718
28493445764182
28499242608739
28504028210261
28508383149720
28527908826434
28533658165219
28537757871963
28543997132374
28544777731837
28552316868371
28555862712571
28558975873270
28563847559302
28569941477531
28573651192160
28577335478292
28581389047222
28583842066196
28588985351769
28600114162843
28603693147262
28604860702274
28609823016110
28621463927066
28622836460800
28633637857357
28635254107214
28641787258833
28646117359360
28647518501699
28654244227415
28661054586496
28664809202419
28669721869995
28673431339800
28781245421110
29200465515422
29396230948824
29512035537840
29781282599921
30202860833277
30212015465523
30216190641211
30223494869469
30241722427085
30246713888905
30257409787454
30261853112747
30284443354386
30322908258830
30327471979492
30333954539438
30355801204301
30366484427589
30384946775189
30390782658942
30396009865737
30402230688018
30409050253140
30419499155161
30428275730259
30431810957276
30449940882832
30464142095554
30467777575406
30478559018472
30483993591168
30492350110106
30498259799759
30500771650085
30505783991949
30513789875868
30529568713772
30536198013340
30561119304457
30565413197943
30595090532051
30599734214490
30608810556149
30621382125119
30651498323478
30661313462362
30692462676515
30700050699740
30703280549200
30713349900682
30745294741444
30785871660481
30797353251224
30852077424269
30866681122576
30867972999562
31032064798880
31058988658378
31075857617349
31082048781227
31095451654377
31099487958695
31103906748754
31106359429392
31113178902228
31167812324419
31176677847779
31182429638785
31187302316823
31203290064173
31207791780556
31225906251393
31232757375088
31237458227216
31258754251970
31262909236181
31264387055655
31268669932031
31282957877653
31291778353604
31300220303570
31305889056895
31309261898643
31312998645343
31317051332562
31322296430883
31327829400917
31333902259548
31339184393537
31347753686054
31349245850173
31356393628527
31359209801049
31362138378419
31366555544484
31370446661278
31376159988607
31379681909472
31390654902662
31399894461474
31407354592932
31414075542145
31419613421270
31422228781876
31433426741212
31440275664301
31446311442672
31448419968162
31454120129035
31949568881601
32447215239837
32458860284903
32484827146086
45143716791349
45145303618981
45152255259456
45534482331581
45661594231519
69397925564662
70561623132944
71181318161601
71304964081367
83692520794658
17203987139755
17227993958857
30754827926830
30834831528191
30843641907320
30877679026490
30883071718966
30886559397262
30890177291936
30896817135256
30898191229999
30909032459453
30917020338563
30922041058656
30926338268925
30937921571609
30944275836470
30946902542125
30949800561524
30955547367470
30961293712010
30965802988793
30970501952274
30972698656027
30976721162484
30979692398534
30987170069524
30988278815635
30999356439643
31002326254881
31012737540661
31014789471424
31018447074383
31065904630195
31140755147917
31152826079515
31215864472117
31222006346177
31250067722411
31252536387599
31730311781281
31890857237868
32132038655864
37090605500153
37093269372784
37099246714644
37103940053495
37105206165455
37108906126761
37112892095679
37120323375617
37121837167674
37129501178490
37132828997895
37134845353418
37142271914008
37144250690122
37150127281211
37152370746101
37157835356541
37162670365067
37167059878816
37171866583837
37175808587664
37177252230414
37183627316912
37189525737572
37192155597248
37198429320822
37201424553839
37203361457413
37209627003518
37211620215723
37219132620110
37223684013730
37225871051584
37229447122451
37233891070654
37238196811336
37244988544882
37246063804768
37251307613833
37255761527059
37259485940937
37264078925494
37269050592569
37274489195711
37279614028060
37281552159456
37285949287248
37291996037530
37294675274229
37299994608952
37301999993373
37307090445689
37313119788520
37316163064749
37321174440225
37323721294384
37329503336417
37332823880519
37340220534560
37341617495028
37346608536882
37350650237477
37355520242761
37361062958339
37362080944331
37368811570304
37372546308979
37378370584098
37381380748322
37386413350819
37390620832665
37394336583615
37400321546798
37402720592446
37405548612052
37411731039870
37414061079298
37418964291947
37423800647301
37429598033638
37434704425827
37438058549736
37443296893643
37445931656463
37449516082393
37452238717520
37460596096953
37464578221549
37466645242211
37471784357646
37476709276527
37479331454605
37483730637060
37489281635215
37491569314552
37495826440881
37502305335241
37505334595181
37509744374975
37513647991647
37519510114909
37523757950755
37528016986247
37530542379457
37536534034569
37541021799108
37543155338619
37546827675461
37551054015629
37557705032735
37567969604140
37570581272395
37573013782688
37577097874411
37582932616818
37588479368783
37592291164384
37597498298308
37600361654463
37603385138983
37641712730235
37645677680794
37652585960769
37655338779349
37659625930576
37665295345231
37669746623560
37672141269719
37679529640011
37684021742380
37686127513174
37690620292398
37692962649336
37697882518107
37703279578883
37707319212274
37711020490467
37717203395589
37722017530929
37726671434659
37731141666688
37733689966117
37737405258909
37742477527255
37745350270796
37751235471536
37756327824131
37759020645308
37763011911640
37767808490955
37770283394178
37774920309435
37780986522323
37784348327521
37790717092699
37792752823229
37797293321112
37800566038469
37807214227199
37812391141701
37817027449967
37820424707974
37823583239592
37828613312450
37833065860413
37836429082021
37838721320664
37845550208827
37850533665253
37853396588363
37857395999196
37861510768722
37864573797055
37869757777108
37875932226081
37877483541803
37884409192912
37888984582988
37891397396679
37895360156978
37901462799303
37905301003746
37907939550476
37915451553377
37917495945939
37922263345613
37927944766328
37929238766546
37934187533899
39807546155101
39810672028917
39816374117145
39822465771160
39822981759877
39828004731975
39833404384590
39836459661301
39840433090771
39846151491763
54409931278335
54416085882445
54419891504790
54422248744956
54430088041560
54432281601774
54436011078813
54439723829982
54444009877777
54447550694635
54453555461350
54456171415955
54462380527625
54465442423378
54472475703812
54474795836251
54477369445158
54485149362015
54488311998619
54490601503367
54496151589115
54501976617052
54506643325159
54509914136659
54515583679703
54517301494172
54523951211325
54527794738707
54529044277755
54535058588766
54538250849180
54545655586490
54547000679381
54551826412090
54555653071764
54559069509803
54566661561255
54567980574355
54572992739475
54577396597963
54581776394963
54587663693154
54591677406325
54595946604154
54598154164349
54603807938106
54608227692544
54614227579289
54623319235006
54623413144744
54631458366705
54633442802987
54638712243991
54642170026868
54647580945418
54650070412521
54659069271625
54664234561389
54669892233493
68557886307868
71207628109617
83757285810661
31718625288541
40945953117977
40948731549782
40956429491256
40958196008453
40961699610366
40969246497207
40972219104748
40978034648667
40978696763122
40986124130448
41005427058550
41009111347011
41015381796019
41019706889948
41021767329589
41027505358122
41032921162055
41034904292942
41040509213696
41044437277155
41049823618460
41054405944593
41059114888279
41061494857099
41067942094787
41070272049199
41075871382552
41077589861012
41082910408814
41087820096713
41092172297675
41118542423425
43138905490234
43143156746833
43149226677394
43154810114373
43157922043869
43162978858262
43167213227128
43173005272835
43176163813913
43178025012955
43187892860323
43192320757486
43196866971389
43198869248072
43205250792344
43208361446911
43213590744691
43217497961524
43223503135639
43228249630564
43273045877444
43278399958007
43281998789440
43285263413184
43289497215441
43295965475761
43299325645142
43305980503611
43306294511639
43311125268183
43406259869253
43411386614960
43416206178968
43418352690515
43423113745345
43426953118744
43430889112208
43436610295745
43442179454252
43445849037540
43663046929309
43668034167073
43672792858903
43675661471604
43683663727002
43686434367069
43692302762213
43694570688468
43698307942560
43703619671442
43707932737935
43712086437045
43716147004359
43719856230594
43723342717653
43727423532542
43734334486168
43735965404977
43740364788796
43745067587785
43749153967666
43753229075114
43757421586819
43765363978466
43767997008309
43771518282174
43774984390496
43780811393786
43784813125047
43790399767633
43842810386729
43843602815174
43847449440420
43852731183852
43860128143538
43861856163756
43867068002608
43871148851520
43875403097405
43878727218719
43891102134882
43897092011664
43902978387365
43904230496868
43908823316088
43913000112843
43916062051276
43921172294540
43925165180633
43931415263490
43933753353887
43939028250562
43943817245064
43947882303637
43953117148971
43957175778838
43959449859521
43964617726603
43969333260679
43972024953927
43980438668980
43982267613998
43987809559641
43989978466938
43996142790014
44001232770004
44003984300481
44009888080338
44011940726677
44015922829432
44019425680334
44026750500039
44029867899216
44033142117035
44037493377738
44041866599422
44047850388741
44050974664138
44055263612591
44060398459233
44065569497103
44068459622003
44072725834980
44078394928410
44082688165466
44087481591102
44089782818553
44095181521889
44097375796478
44101987177666
44151944084349
44154113539871
44158596770112
44164328198727
44168751515919
44169487295765
44174972738048
44180458007775
44185202295152
44189389811183
44198276014841
44202289320532
44206868596014
44210014239161
44216475598236
44217281285837
44221289187595
44227095605092
44231684423746
44234468453273
44238175272016
44246076085557
44248327536357
44252282885893
44256732208554
44263501496985
44263994778652
44270986130751
44276260416679
44278784930640
44337650708348
44343593753890
44347875975825
44350522603108
44355054172756
44361609759871
44433768431595
44438527190625
44440202689500
44445703285576
44450438606376
44455343158578
44459366440802
44461637137470
44467629422529
44472210909253
44478017041179
44543783090206
44548680702948
44553022279260
44560253335948
44560511764043
44567859141159
44569060896431
44577114976840
44580054582127
44584831902932
44597927834702
44601798708631
44605974131220
44609295018842
44614666726203
44616530027304
44622441992783
44627422333332
44633015325618
44634136938521
44641450282181
44642679518989
44650379405079
44652574303101
44658900624325
44659114802684
44664321927954
44671348060107
44674415305632
44676534301329
44681691831435
44688980021849
44689568246788
44697183710821
44700375298954
44705626524776
44709488160489
44711794900209
44717847176962
44726664721292
44728978979522
44736027772429
44736810988924
44741297608887
44747309384285
44753004380569
44756352021349
44758297707644
44764283088128
44768448074268
44771016173257
44775730681179
44779674794393
44791544138182
44793536444327
44797544784765
44823405241674
44827808628317
44834012216223
44836217024886
44842470437823
44847137332792
44848954510775
44960096718168
44965421740918
44972059194216
44972635871748
44980874956966
44982899912366
44989084551065
44990533664280
44997867518045
45002577339685
45008562364698
45011919103653
45018591995686
45024026862092
45027192907253
45029188885990
45036108426750
45040996802712
45042869281404
45046578324127
45052103420658
45075643618641
45077167839913
45083387623204
51569500951642
51573916199271
51577687495834
51582253129920
56304752117350
70686561200888
83682501369206
